1593.300048828125,
8862.5380859375,
1330.125,
1214.6375732421875,
4457.8251953125,
5783.85009765625,
2454.400146484375,
2105.925048828125,
4487.0625,
6446.05029296875,
8476.337890625,
3318.875,
3253.862548828125,
7159.73779296875,
2527.925048828125,
6382.22509765625,
4563.9501953125,
2383.387451171875,
2861.050048828125,
6777.75,
3101.150146484375,
5214.05029296875,
5468.03759765625,
5361.3125,
4411.53759765625,
5103.25,
5353.67529296875,
4280.22509765625,
1613.5125732421875,
7637.47509765625,
2497.462646484375
