7360.52490234375,
5563.72509765625,
5632.5126953125,
3397.22509765625,
1662.5374755859375,
2744.574951171875,
1650.4375,
3208.41259765625,
3192.337646484375,
5275.35009765625,
1281.8499755859375,
4072.900146484375,
4668.66259765625,
6030.86279296875,
3361.012451171875,
3478.16259765625,
4440.73779296875,
5999.85009765625,
3156.550048828125,
1877.7000732421875,
7918.6376953125,
5861.6875,
9770.5,
5122.03759765625,
2230.3125,
4869.7626953125,
11857.4248046875,
12182.4873046875,
8499.712890625,
3062.212646484375,
3264.275146484375,
2077.41259765625
